   2.84880000e-02    3.53465834e+01    2.23905933e-01
   5.00430000e-02    3.66823679e+01    1.66828851e-01
   5.29260000e-02    3.68176913e+01    1.55755915e-01
   7.00860000e-02    3.74467365e+01    1.58466934e-01
   6.26680000e-02    3.74834094e+01    1.56099435e-01
   8.75890000e-02    3.82290570e+01    1.87745679e-01
   7.85770000e-02    3.74881623e+01    1.55635656e-01
   1.72270000e-02    3.46543700e+01    1.99337180e-01
   4.22330000e-02    3.63364595e+01    1.67174042e-01
   4.52950000e-02    3.66402722e+01    1.64981249e-01
   3.64800000e-02    3.59053220e+01    1.70174953e-01
   1.95990000e-02    3.45852174e+01    1.84691220e-01
   1.00915000e-01    3.84567456e+01    1.67333482e-01
   2.73420000e-02    3.50857657e+01    1.75510836e-01
   7.46050000e-02    3.75881158e+01    1.59770865e-01
   2.64890000e-02    3.54806852e+01    1.91312270e-01
   4.99220000e-02    3.65669735e+01    1.62303820e-01
   3.06040000e-02    3.55502378e+01    1.73295444e-01
   1.63456410e-02    3.40440278e+01    1.42912931e-01
   1.54363000e-02    3.39409484e+01    1.48694110e-01
   3.05290000e-02    3.55992457e+01    8.87506637e-02
   2.45250000e-02    3.50581707e+01    1.02438504e-01
   2.39530000e-02    3.49687104e+01    1.07041197e-01
   2.60380000e-02    3.53672621e+01    1.08499792e-01
   4.89480000e-02    3.67315974e+01    1.72547619e-01
   2.43140000e-02    3.51094951e+01    1.81662706e-01
   1.51660000e-02    3.41016666e+01    2.15239341e-01
   3.57200000e-02    3.59605406e+01    1.71186987e-01
   4.88180000e-02    3.63820108e+01    1.60299265e-01
   2.19800059e-02    3.48529734e+01    1.87544764e-01
   1.24400000e-01    3.90447885e+01    1.64268688e-01
   3.60000000e-02    3.58210171e+01    1.67885250e-01
   1.63210000e-02    3.40174211e+01    2.04965074e-01
   1.67300000e-02    3.42263372e+01    2.09464670e-01
   2.75000000e-02    3.56497059e+01    1.76364689e-01
   2.17930000e-02    3.49737869e+01    2.32449383e-01
   1.64500000e-02    3.41812963e+01    2.50896560e-01
   2.32080000e-02    3.50855427e+01    2.31479605e-01
   3.64570000e-02    3.61342331e+01    2.17628588e-01
   1.92640000e-02    3.49526137e+01    2.40633817e-01
   1.76050000e-02    3.43437957e+01    2.71650645e-01
   3.15280000e-02    3.57287688e+01    2.25362489e-01
   2.35360000e-02    3.51695991e+01    2.34698202e-01
   1.67430000e-02    3.40027278e+01    2.48385126e-01
   5.37100000e-02    3.64764385e+01    2.21700261e-01
   1.69910000e-02    3.43787718e+01    3.09889811e-01
   2.78650000e-02    3.50933783e+01    2.22426417e-01
   1.71730000e-02    3.42606715e+01    2.48216009e-01
   2.99550000e-02    3.59722578e+01    2.24368552e-01
   1.65590000e-02    3.43438338e+01    2.51177496e-01
   1.50000000e-02    3.41635039e+01    1.61452857e-01
   5.44000000e-02    3.69544354e+01    8.60953525e-02
   1.56100000e-01    3.92292540e+01    8.41441237e-02
   3.93000000e-02    3.63343950e+01    9.91005284e-02
   1.24100000e-01    3.88220334e+01    1.11614247e-01
   1.44100000e-01    3.88360423e+01    1.56777492e-01
   1.29900000e-01    3.89791855e+01    1.29444952e-01
   7.84000000e-02    3.76822405e+01    8.72168046e-02
   5.83000000e-02    3.70326302e+01    2.06256669e-01
   3.09000000e-02    3.59294729e+01    1.83689296e-01
   4.06000000e-02    3.63656351e+01    1.72317345e-01
   1.52000000e-02    3.40169043e+01    2.15071231e-01
   2.24000000e-02    3.49470872e+01    2.39011369e-01
   1.60000000e-02    3.41740154e+01    2.21115375e-01
   3.62000000e-02    3.59868706e+01    1.71742204e-01
   1.73000000e-02    3.42497348e+01    2.15508500e-01
   3.12000000e-02    3.56268098e+01    1.80216697e-01
   2.21000000e-02    3.49115498e+01    1.89960683e-01
   1.60000000e-02    3.38246089e+01    2.07959703e-01
   2.49000000e-02    3.48037071e+01    1.93523924e-01
   3.03000000e-02    3.56282613e+01    1.76747386e-01
   2.83000000e-02    3.55202700e+01    1.80124446e-01
   1.52000000e-02    3.42583698e+01    2.41474862e-01
   3.45000000e-02    3.59782445e+01    2.11562474e-01
   3.60000000e-02    3.56792597e+01    1.79022122e-01
   2.48000000e-02    3.52561775e+01    1.84605303e-01
   2.92000000e-02    3.59925668e+01    1.74820108e-01
   1.63000000e-02    3.44532529e+01    2.12891043e-01
   1.87000000e-02    3.50482998e+01    1.97196789e-01
   1.95000000e-02    3.47569117e+01    1.97526188e-01
   2.56000000e-02    3.56847218e+01    1.86173892e-01
   3.37000000e-02    3.58436933e+01    1.79737454e-01
   5.46000000e-02    3.66095585e+01    1.76655181e-01
   2.40000000e-02    3.51761858e+01    1.95512674e-01
   3.36000000e-02    3.60053946e+01    1.88520474e-01
   3.41000000e-02    3.58419047e+01    1.75222462e-01
   2.61000000e-02    3.53604178e+01    1.92469562e-01
   2.11000000e-02    3.46607182e+01    1.88393368e-01
   3.21000000e-02    3.58959946e+01    1.73845160e-01
   2.21000000e-02    3.49221291e+01    1.89014756e-01
   3.34000000e-02    3.58799403e+01    1.75772733e-01
   3.41000000e-02    3.59425408e+01    1.72834592e-01
   4.21000000e-02    3.64004650e+01    1.69930417e-01
   5.76000000e-02    3.70802567e+01    1.61852672e-01
   2.05000000e-02    3.46172801e+01    1.91412743e-01
   4.02000000e-02    3.63745331e+01    1.70637350e-01
   2.60000000e-02    3.53812932e+01    1.83933665e-01
   2.59000000e-02    3.54159687e+01    1.78489659e-01
   2.39000000e-02    3.50349741e+01    1.81392417e-01
   6.90000000e-02    3.75660480e+01    1.76163640e-01
   6.51000000e-02    3.73066908e+01    1.62808584e-01
   2.29000000e-02    3.51968672e+01    1.85459075e-01
   3.15000000e-02    3.56511363e+01    1.70993524e-01
   2.15000000e-02    3.49327363e+01    1.87040818e-01
   2.55000000e-02    3.57201731e+01    1.96167302e-01
   3.25000000e-02    3.58130914e+01    1.70394736e-01
   8.43000000e-02    3.80518311e+01    2.00253645e-01
   3.08000000e-02    3.56289808e+01    1.78370444e-01
   3.27000000e-02    3.60941672e+01    1.69492305e-01
   4.23000000e-02    3.63928259e+01    1.71582197e-01
   6.84000000e-02    3.77311970e+01    1.70591643e-01
   1.53000000e-02    3.47071857e+01    2.13242896e-01
   2.33000000e-02    3.48821287e+01    1.83424685e-01
   4.91000000e-02    3.67301359e+01    1.75843223e-01
   4.25000000e-02    3.59281018e+01    1.95296013e-01
   1.92000000e-02    3.47366785e+01    1.97842881e-01
   3.08000000e-02    3.57791362e+01    1.73310005e-01
   2.12000000e-02    3.48471345e+01    1.91529722e-01
   2.77000000e-02    3.57050038e+01    1.83298735e-01
   3.35000000e-02    3.59738325e+01    1.70490252e-01
   2.08000000e-02    3.47954564e+01    2.01629405e-01
   1.73000000e-02    3.42300660e+01    2.20994474e-01
   3.60000000e-02    3.61462989e+01    1.77000364e-01
   2.33000000e-02    3.51983574e+01    1.85738575e-01
   5.89000000e-02    3.71116475e+01    1.65682351e-01
   5.83000000e-02    3.70582881e+01    1.68089681e-01
   6.88000000e-02    3.74866356e+01    1.98025809e-01
   3.21000000e-02    3.56480768e+01    1.75025423e-01
   5.22000000e-02    3.66743146e+01    1.89117803e-01
   3.08000000e-02    3.55935042e+01    1.72493084e-01
   3.29000000e-02    3.59417685e+01    1.70393176e-01
   2.30000000e-02    3.50706425e+01    1.86848385e-01
   1.50000000e-02    3.43797728e+01    2.17348535e-01
   3.21000000e-02    3.58703618e+01    1.73741008e-01
   6.43000000e-02    3.71755022e+01    1.66008010e-01
   3.20000000e-02    3.58266913e+01    1.93104692e-01
   2.09000000e-02    3.47028985e+01    1.94226935e-01
   2.19000000e-02    3.48489905e+01    1.88387184e-01
   3.20000000e-02    3.55884973e+01    1.73446311e-01
   1.51000000e-02    3.45258753e+01    2.13682161e-01
   1.92000000e-02    3.44915623e+01    1.97091648e-01
   2.66000000e-02    3.53234936e+01    1.77716836e-01
   3.77000000e-02    3.57952144e+01    2.94106561e-01
   2.47000000e-02    3.49136928e+01    1.81621012e-01
   2.42000000e-02    3.51893806e+01    1.80174916e-01
   3.66000000e-02    3.59712907e+01    1.68963688e-01
   2.29000000e-02    3.51386261e+01    1.83018040e-01
   3.12000000e-02    3.58828586e+01    1.73762463e-01
   1.50000000e-02    3.41114110e+01    2.13388870e-01
   3.41000000e-02    3.57704748e+01    1.77569141e-01
   2.51000000e-02    3.49482752e+01    1.79222700e-01
   1.89000000e-02    3.43747017e+01    2.09571630e-01
   2.98021369e-02    3.54709217e+01    1.22226818e-01
   3.21340169e-02    3.53781279e+01    1.27512090e-01
   2.75687259e-02    3.54754718e+01    1.28117983e-01
   4.69673346e-02    3.64944134e+01    1.10309142e-01
   1.83152320e-02    3.43717549e+01    1.60464926e-01
   8.00481440e-02    3.76857093e+01    1.01968492e-01
   2.41852991e-02    3.50523243e+01    1.33368622e-01
   1.50270428e-02    3.39501915e+01    1.78117024e-01
   2.83960268e-02    3.55481485e+01    1.25198882e-01
   4.49766726e-02    3.65503954e+01    1.08342547e-01
   3.29123711e-02    3.59678520e+01    1.18114324e-01
   7.53501120e-02    3.75800899e+01    1.02274673e-01
   2.03747245e-02    3.46564438e+01    1.45603350e-01
   2.29711676e-02    3.51338830e+01    1.35640926e-01
   2.68091975e-02    3.52601505e+01    1.27879596e-01
   1.79312834e-02    3.43498200e+01    1.55413941e-01
   4.83921954e-02    3.66858344e+01    1.19215628e-01
   5.66833671e-02    3.69636231e+01    1.10070938e-01
   6.38640837e-02    3.73159416e+01    1.19614965e-01
   1.46290296e-01    3.95590095e+01    1.20248735e-01
   1.29278207e-01    3.89180009e+01    1.34402616e-01
   1.02715034e-01    3.84872596e+01    1.19892508e-01
   2.42504680e-01    4.01304466e+01    1.50915057e-01
   2.98409274e-01    4.10624002e+01    2.15818596e-01
   4.37189115e-02    3.63865660e+01    1.27214293e-01
   1.13042645e-01    3.85514541e+01    1.19237438e-01
   2.56475743e-01    4.06108439e+01    1.56286225e-01
   2.95585550e-01    4.11370597e+01    2.15064876e-01
   3.80359487e-01    4.16574987e+01    2.17910528e-01
   1.45668547e-01    3.90567157e+01    1.25750126e-01
   2.73454769e-01    4.07271582e+01    1.63668271e-01
   2.97518834e-01    4.07722050e+01    2.05185827e-01
   3.78965802e-01    4.15814889e+01    1.97094008e-01
   3.80416514e-01    4.12723405e+01    1.98558434e-01
   3.01755030e-01    4.14938105e+01    2.46761481e-01
   3.48345021e-01    4.13077915e+01    2.17774889e-01
   8.56894594e-02    3.79974134e+01    1.16365280e-01
   2.60586108e-01    4.05231677e+01    1.41595052e-01
   2.15543321e-01    4.02965294e+01    1.40207657e-01
   1.17625329e-01    3.85794185e+01    1.13609963e-01
   1.82218240e-01    3.95938188e+01    1.19334464e-01
   3.57507357e-01    4.13288394e+01    2.02587682e-01
   1.41787999e-01    3.92738113e+01    1.19521983e-01
   2.60533477e-01    4.08081341e+01    1.48279349e-01
   2.32781107e-01    4.02045291e+01    1.51788368e-01
   1.51857895e-01    3.91557884e+01    1.13847312e-01
   9.39086319e-02    3.81728205e+01    1.17952906e-01
   2.86618707e-01    4.10384076e+01    1.33800276e-01
   1.94316512e-01    3.99615200e+01    1.26373845e-01
   1.47025138e-01    3.93035840e+01    1.11657297e-01
   2.11586981e-01    4.05603237e+01    1.59324734e-01
   1.80119780e-01    3.96385777e+01    1.15560255e-01
   2.63491027e-01    4.07673226e+01    1.27293080e-01
   1.92149980e-01    4.00392179e+01    1.21087443e-01
   3.38802609e-01    4.13053719e+01    1.70908368e-01
   1.17277363e-01    3.87459338e+01    1.13702596e-01
   1.42404652e-01    3.91164773e+01    1.13661194e-01
   1.60861855e-01    3.93191759e+01    1.18644900e-01
   2.88418345e-01    4.08427854e+01    1.49598782e-01
   1.22828900e-01    3.87997897e+01    1.21065439e-01
   2.63647951e-01    4.05481757e+01    1.39823620e-01
   1.26473162e-01    3.87104692e+01    1.19200795e-01
   1.72742231e-01    3.95029361e+01    1.13458016e-01
   1.63795895e-01    3.93945631e+01    1.13134872e-01
   2.49511055e-01    4.07809243e+01    1.32323047e-01
   2.57740304e-01    4.06514784e+01    1.35891056e-01
   1.06712340e-01    3.86366669e+01    1.17621429e-01
   1.59889938e-01    3.93505845e+01    1.14747058e-01
   2.04979685e-01    4.00245002e+01    1.23526943e-01
   2.44378877e-01    4.02019304e+01    1.24309901e-01
   2.48508131e-01    4.02721747e+01    1.25645589e-01
   2.28528474e-01    4.02544336e+01    1.22011371e-01
   8.58546441e-02    3.79524441e+01    1.12589853e-01
   6.18357647e-02    3.71309945e+01    1.15680071e-01
   2.77853423e-01    4.08380085e+01    1.68994208e-01
   2.75440197e-01    4.07433918e+01    1.42941616e-01
   1.55247328e-01    3.93173204e+01    1.15415756e-01
   3.30512449e-01    4.12279390e+01    1.56723683e-01
   3.61934309e-01    4.13844534e+01    1.66441915e-01
   3.30634628e-01    4.10522599e+01    1.52699339e-01
   1.44621086e-01    3.92908298e+01    1.12727024e-01
   3.89288788e-01    4.16026284e+01    2.00867576e-01
   1.73910057e-01    3.95319411e+01    1.28967776e-01
   3.00312696e-01    4.08468482e+01    1.51500986e-01
   1.16348503e-01    3.87461382e+01    1.12296117e-01
   2.18585189e-01    4.01990975e+01    1.17113951e-01
   1.19671538e-01    3.87555381e+01    1.10740034e-01
   1.54632097e-01    3.93239502e+01    1.12047394e-01
   4.08319092e-01    4.18402935e+01    2.06369619e-01
   1.77600695e-01    4.00706759e+01    1.24814155e-01
   2.50667631e-01    4.07456030e+01    1.20970960e-01
   2.51740186e-01    4.05417218e+01    1.18440111e-01
   3.91599213e-01    4.15087271e+01    1.71564316e-01
   1.28726735e-01    3.88642253e+01    1.09513340e-01
   3.99601335e-01    4.17288003e+01    2.05132434e-01
   3.09492645e-01    4.10181925e+01    1.34960171e-01
   1.70628397e-01    3.94749001e+01    1.16376625e-01
   2.78924676e-01    4.07678298e+01    1.30157044e-01
   3.08580866e-01    4.09076217e+01    1.77652783e-01
   1.85812447e-01    3.98240976e+01    1.20667757e-01
   6.64403123e-02    3.73721051e+01    1.17582401e-01
   3.16429845e-01    4.13950734e+01    1.92866122e-01
   2.57497888e-01    4.05941646e+01    1.31393591e-01
   2.98777444e-01    4.10293580e+01    1.54536936e-01
   2.70434443e-01    4.06689838e+01    1.45477929e-01
   2.79454733e-01    4.05012844e+01    1.38724733e-01
   2.92469756e-01    4.09190487e+01    1.41400627e-01
   1.88853175e-01    3.97920375e+01    1.19741861e-01
   2.65762480e-01    4.04981499e+01    1.24803942e-01
   1.24273529e-01    3.87199869e+01    1.11134859e-01
   1.82548913e-01    3.97840216e+01    1.14083137e-01
   3.12883364e-01    4.10144488e+01    1.39506514e-01
   3.09547337e-01    4.11925567e+01    1.54012333e-01
   8.90194293e-02    3.78284529e+01    1.17432705e-01
   4.02459619e-01    4.19111468e+01    2.11278494e-01
   2.00611720e-01    3.98523918e+01    1.32867364e-01
   3.26396483e-01    4.09723042e+01    1.44388066e-01
   2.11629598e-01    3.99801048e+01    1.15235181e-01
   1.79685641e-01    3.97209599e+01    1.16984880e-01
   9.31494027e-02    3.82809137e+01    1.14453830e-01
   3.02401621e-01    4.10332001e+01    1.34910116e-01
   1.08638266e-01    3.86505002e+01    1.19489655e-01
   8.56961171e-02    3.79937917e+01    1.17971238e-01
   2.02608680e-01    3.99677593e+01    1.28807331e-01
   1.96716069e-01    3.99244174e+01    1.34983154e-01
   1.26687989e-01    3.89152084e+01    1.23937308e-01
   2.14568259e-01    4.02018497e+01    1.16987446e-01
   3.20446989e-01    4.11027851e+01    1.34380311e-01
   2.18347445e-01    4.02208498e+01    1.24421503e-01
   1.89706567e-01    3.99395625e+01    1.19682792e-01
   9.29368182e-02    3.81458300e+01    1.18950356e-01
   3.79662294e-01    4.14330619e+01    1.47219740e-01
   2.10938395e-01    3.99839377e+01    1.20818771e-01
   3.66602899e-01    4.18598572e+01    1.98404430e-01
   4.20926821e-01    4.21335480e+01    2.02321001e-01
   2.58028271e-01    4.06446789e+01    1.37108499e-01
   1.83568405e-01    3.97107958e+01    1.23775735e-01
   2.12548765e-01    4.00875933e+01    1.31576963e-01
   3.60034212e-01    4.11573004e+01    1.75048187e-01
   3.93974478e-01    4.17811534e+01    1.50707320e-01
   1.14712621e-01    3.86690951e+01    1.13372328e-01
   1.43705907e-01    3.91857707e+01    1.16311968e-01
   2.52486060e-01    4.05184211e+01    1.45050196e-01
   3.87297107e-01    4.18924653e+01    1.86429866e-01
   3.48583858e-01    4.13009410e+01    1.77371888e-01
   2.55490620e-01    4.04859446e+01    1.50967373e-01
   2.16582822e-01    4.03602717e+01    1.52479839e-01
   4.30000000e-01    4.13188582e+01    3.57827626e-01
   6.20000000e-01    4.32279620e+01    3.90344663e-01
   5.70000000e-01    4.24891104e+01    3.88952633e-01
   3.00000000e-01    4.09627952e+01    3.14865572e-01
   3.80000000e-01    4.20631765e+01    3.27833114e-01
   4.30000000e-01    4.23985415e+01    4.58327874e-01
   2.40000000e-01    4.07421916e+01    4.02844160e-01
   4.40000000e-01    4.20495333e+01    3.19794879e-01
   5.00000000e-01    4.23630033e+01    3.17337167e-01
   9.70000000e-01    4.28212038e+01    8.05210303e-01
   4.79000000e-01    4.23517578e+01    3.58136300e-01
   8.30000000e-01    4.35424034e+01    4.71046843e-01
   4.16000000e-01    4.24236170e+01    5.56342333e-01
   5.81000000e-01    4.20634233e+01    5.05033960e-01
   4.50000000e-01    4.18319918e+01    4.53701963e-01
   5.79000000e-01    4.31863633e+01    6.43297807e-01
   3.20000000e-01    4.12446035e+01    4.20998113e-01
   6.57000000e-01    4.29752487e+01    6.58728481e-01
   4.30000000e-01    4.17661368e+01    6.08328916e-01
   4.72000000e-01    4.19691633e+01    5.14472850e-01
   3.74000000e-01    4.31851147e+01    9.23198714e-01
   1.80000000e-01    4.01895173e+01    4.45447561e-01
   5.50000000e-01    4.43434675e+01    1.00681218e+00
   5.92000000e-01    4.41523548e+01    7.17963493e-01
   1.72000000e-01    3.93022260e+01    4.29709121e-01
   5.26000000e-01    4.19560809e+01    5.13679185e-01
   7.63000000e-01    4.44724246e+01    8.98163121e-01
   5.80000000e-01    4.33051250e+01    5.19962251e-01
   4.30000000e-01    4.18019361e+01    4.58804991e-01
   4.50000000e-01    4.22709732e+01    5.89947887e-01
   6.56000000e-01    4.31448591e+01    6.27202506e-01
   4.95000000e-01    4.21189082e+01    4.43653473e-01
   4.90000000e-01    4.17874349e+01    4.46484506e-01
   5.70000000e-01    4.26714667e+01    4.70382089e-01
   3.88000000e-01    4.22076140e+01    4.65017827e-01
   4.50000000e-01    4.24024477e+01    5.08290618e-01
   4.80000000e-01    4.21599486e+01    5.21420423e-01
   6.15000000e-01    4.25426366e+01    5.56222743e-01
   4.00000000e-01    4.23127672e+01    4.77589021e-01
   6.55000000e-01    4.23150852e+01    4.97081625e-01
   4.98000000e-01    4.29837202e+01    6.42406504e-01
   4.65000000e-01    4.18251633e+01    6.00030636e-01
   4.53000000e-01    4.28212085e+01    5.24912952e-01
   4.25000000e-01    4.12021312e+01    4.89149083e-01
   5.14000000e-01    4.27861936e+01    4.93735911e-01
   4.23000000e-01    4.15655259e+01    2.43579001e-01
   8.59000000e-01    4.40929026e+01    2.96965045e-01
   9.36000000e-01    4.33071059e+01    7.05981400e-01
   5.28000000e-01    4.24543496e+01    2.44290675e-01
   9.78000000e-01    4.35000722e+01    2.92647302e-01
   8.85000000e-01    4.41843333e+01    2.86230184e-01
   8.15000000e-01    4.40744016e+01    7.28921730e-01
   6.98000000e-01    4.37687287e+01    4.33480218e-01
   5.68000000e-01    4.27092496e+01    2.89546897e-01
   7.11000000e-01    4.35665496e+01    3.66725181e-01
   3.39600000e-01    4.10839734e+01    2.26527941e-01
   3.96500000e-01    4.14879208e+01    2.02374999e-01
   8.12000000e-01    4.36535733e+01    3.79016342e-01
   7.99000000e-01    4.33788294e+01    2.33174228e-01
   8.82000000e-01    4.33750389e+01    5.83987119e-01
   8.33000000e-01    4.36880978e+01    5.20913246e-01
   8.74000000e-01    4.32953792e+01    3.88089303e-01
   7.72000000e-01    4.35099938e+01    2.18834770e-01
   1.78000000e-01    3.94547908e+01    2.35746048e-01
   2.60000000e-01    4.08233658e+01    1.99851736e-01
   1.86000000e-01    3.97121679e+01    1.89043139e-01
   2.69000000e-01    4.07761617e+01    2.56400639e-01
   2.15000000e-01    4.03780577e+01    1.93933998e-01
   5.43000000e-01    4.24788059e+01    9.81414342e-02
   7.50000000e-01    4.32429987e+01    1.38318458e-01
   6.40000000e-01    4.27642473e+01    1.88809377e-01
   4.30000000e-01    4.21841242e+01    1.48171058e-01
   6.40000000e-01    4.31643807e+01    1.93749017e-01
   4.97000000e-01    4.23245531e+01    1.67980194e-01
   4.40000000e-01    4.20106475e+01    1.07484808e-01
   3.55000000e-01    4.13423116e+01    2.01468434e-01
   7.80000000e-01    4.36008072e+01    1.71318833e-01
   5.40000000e-01    4.24246213e+01    1.11551881e-01
   8.60000000e-01    4.39216607e+01    1.72411965e-01
   4.68000000e-01    4.25489037e+01    1.63914771e-01
   8.40000000e-01    4.38731032e+01    2.22348502e-01
   9.60000000e-01    4.36132116e+01    2.75514631e-01
   8.21800000e-01    4.38153640e+01    2.13206984e-01
   9.30000000e-01    4.35524296e+01    2.89918379e-01
   4.51000000e-01    4.17966744e+01    1.43055822e-01
   6.10000000e-01    4.29049657e+01    1.56248253e-01
   8.30000000e-01    4.40506599e+01    2.08835356e-01
   7.07000000e-01    4.32824256e+01    2.56253916e-01
   4.15000000e-01    4.18767705e+01    1.41093703e-01
   5.57000000e-01    4.25570112e+01    1.57456031e-01
   7.91000000e-01    4.35768811e+01    2.01343679e-01
   6.95000000e-01    4.32117043e+01    2.05449194e-01
   6.33000000e-01    4.30498635e+01    1.69957138e-01
   2.48600000e-01    4.06111853e+01    1.54515955e-01
   5.32000000e-01    4.25658157e+01    1.66651053e-01
   3.31000000e-01    4.10784701e+01    1.37704767e-01
   3.46000000e-01    4.13646269e+01    1.52213246e-01
   9.61000000e-01    4.42642016e+01    3.40056561e-01
   6.13000000e-01    4.29937247e+01    1.65096720e-01
   3.40200000e-01    4.13280915e+01    1.35546197e-01
   9.83000000e-01    4.41572844e+01    4.34997641e-01
   7.10000000e-01    4.30220388e+01    1.84280955e-01
   7.30000000e-01    4.32769955e+01    1.94894052e-01
   4.70000000e-01    4.21345595e+01    1.53239602e-01
   6.20000000e-01    4.30092526e+01    1.69564686e-01
   5.21000000e-01    4.21801295e+01    1.60996803e-01
   3.69000000e-01    4.16340230e+01    1.52644122e-01
   5.71000000e-01    4.23991621e+01    1.74223964e-01
   6.04000000e-01    4.25269765e+01    1.59687050e-01
   9.27100000e-01    4.39404979e+01    2.86707555e-01
   2.85000000e-01    4.08542435e+01    1.36594130e-01
   2.91200000e-01    4.08390643e+01    1.46624503e-01
   5.48000000e-01    4.22962986e+01    1.88370893e-01
   8.68000000e-01    4.34932874e+01    2.46095165e-01
   4.96000000e-01    4.22146760e+01    1.52814540e-01
   8.11000000e-01    4.34045360e+01    2.10619526e-01
   7.56000000e-01    4.38139922e+01    1.92775955e-01
   8.17000000e-01    4.36515637e+01    2.10286864e-01
   7.52000000e-01    4.33018299e+01    2.07071437e-01
   5.51600000e-01    4.23031837e+01    1.49254873e-01
   3.57800000e-01    4.14349096e+01    1.36096152e-01
   1.01000000e+00    4.40124745e+01    3.75672417e-01
   7.41000000e-01    4.37172523e+01    2.23286860e-01
   4.30000000e-01    4.18109208e+01    1.51082143e-01
   5.26000000e-01    4.24002107e+01    1.66943097e-01
   5.92000000e-01    4.25773228e+01    1.72394047e-01
   9.05000000e-01    4.36387400e+01    2.57467547e-01
   9.49000000e-01    4.34449099e+01    2.84630783e-01
   4.60700000e-01    4.20716665e+01    1.81262455e-01
   3.70900000e-01    4.16692044e+01    1.54834006e-01
   8.00000000e-01    4.37140601e+01    2.15165244e-01
   6.79000000e-01    4.34574063e+01    1.95969077e-01
   5.81700000e-01    4.26720406e+01    1.59803369e-01
   5.50000000e-01    4.22756470e+01    1.55204642e-01
   8.10000000e-01    4.33698925e+01    2.12685692e-01
   9.50000000e-01    4.39766075e+01    2.91243769e-01
   3.37300000e-01    4.12944910e+01    1.37240589e-01
   9.10000000e-01    4.43055164e+01    2.67241049e-01
   2.63000000e-01    4.06346721e+01    1.34567833e-01
   6.43000000e-01    4.30112670e+01    1.66369772e-01
   6.91000000e-01    4.30887669e+01    2.53842245e-01
   3.57000000e-01    4.14255280e+01    1.37721477e-01
   7.21000000e-01    4.31756784e+01    1.87179852e-01
   5.81000000e-01    4.27423233e+01    1.55462518e-01
   6.26800000e-01    4.27586126e+01    1.57227805e-01
   8.18000000e-01    4.33928942e+01    2.67558806e-01
   4.62700000e-01    4.20422850e+01    1.47568802e-01
   4.49000000e-01    4.20230683e+01    1.57063021e-01
   6.88000000e-01    4.30539860e+01    1.65777265e-01
   8.70000000e-01    4.42313042e+01    2.78817290e-01
   5.04300000e-01    4.23382007e+01    1.49577507e-01
   5.91000000e-01    4.32091060e+01    3.06006112e-01
   4.26000000e-01    4.17615775e+01    2.24920671e-01
   3.29000000e-01    4.13402567e+01    2.69807401e-01
   5.83000000e-01    4.24011254e+01    2.86483930e-01
   5.19000000e-01    4.30715097e+01    3.14462491e-01
   4.01000000e-01    4.16954245e+01    2.29308722e-01
   2.05000000e-01    3.99037694e+01    2.17272004e-01
   3.40000000e-01    4.12131788e+01    2.28190770e-01
   4.36000000e-01    4.18800162e+01    2.16533947e-01
   3.63000000e-01    4.15519757e+01    2.08173297e-01
   4.36000000e-01    4.19257693e+01    2.28262760e-01
   3.09000000e-01    4.11737957e+01    2.35823876e-01
   3.42000000e-01    4.13845982e+01    2.14810321e-01
   1.59000000e-01    3.94163641e+01    2.42628008e-01
   3.32000000e-01    4.12554783e+01    2.39903276e-01
   4.69000000e-01    4.23544812e+01    2.83152406e-01
   2.39000000e-01    4.02591288e+01    2.04167930e-01
   3.52000000e-01    4.14237794e+01    2.24191541e-01
   6.12000000e-01    4.28139409e+01    2.83023415e-01
   6.31000000e-01    4.23773831e+01    2.44974123e-01
   6.45000000e-01    4.28169732e+01    2.34273130e-01
   4.29000000e-01    4.18900388e+01    2.15471390e-01
   4.97000000e-01    4.20757738e+01    2.21637713e-01
   5.39000000e-01    4.22266632e+01    2.41797816e-01
   5.61000000e-01    4.28719504e+01    3.06521909e-01
   4.10000000e-01    4.13474933e+01    2.56981142e-01
   4.12000000e-01    4.14237122e+01    3.12056382e-01
   5.99000000e-01    4.27434649e+01    3.82165112e-01
   6.19000000e-01    4.30560186e+01    2.47822482e-01
   4.22000000e-01    4.17283095e+01    2.30713846e-01
   5.40000000e-01    4.25111635e+01    2.82945442e-01
   4.01000000e-01    4.25546204e+01    3.69893982e-01
   2.18000000e-01    4.00754074e+01    2.22222738e-01
   6.33000000e-01    4.22016725e+01    2.59877853e-01
   3.83000000e-01    4.16420339e+01    2.51010175e-01
   3.02000000e-01    4.13107983e+01    2.72346550e-01
   3.40000000e-01    4.10800433e+01    2.31193988e-01
   5.10000000e-01    4.18806854e+01    2.26762462e-01
   4.21000000e-01    4.21360316e+01    3.22004955e-01
   3.99000000e-01    4.14880818e+01    2.92952212e-01
   4.93000000e-01    4.21469147e+01    2.63957546e-01
   6.87000000e-01    4.29963851e+01    2.85188799e-01
   6.87000000e-01    4.28348351e+01    2.72537782e-01
   4.95000000e-01    4.22486634e+01    2.32347966e-01
   6.03000000e-01    4.26462047e+01    2.78628903e-01
   4.21000000e-01    4.21796278e+01    2.33773507e-01
   3.48000000e-01    4.15896262e+01    2.17425302e-01
   2.13000000e-01    4.01090412e+01    2.23352611e-01
   3.44000000e-01    4.11728711e+01    2.09772839e-01
   2.71000000e-01    4.05323021e+01    2.15267001e-01
   5.64000000e-01    4.23728917e+01    2.92022401e-01
   2.74000000e-01    4.07246506e+01    2.08670921e-01
   1.81000000e-01    3.96828885e+01    2.27088514e-01
   5.82000000e-01    4.31639103e+01    3.25207918e-01
   6.80000000e-01    4.29040345e+01    2.90951926e-01
   4.01000000e-01    4.19356323e+01    3.32838743e-01
   4.16000000e-01    4.15575369e+01    3.03252122e-01
   2.86000000e-01    4.12111308e+01    2.58144621e-01
   5.62000000e-01    4.30505226e+01    3.33215442e-01
   2.66000000e-01    4.03907074e+01    2.50227167e-01
   3.14000000e-01    4.12319680e+01    2.42363894e-01
   5.81000000e-01    4.36686798e+01    3.91236930e-01
   4.63000000e-01    4.19477538e+01    2.66464454e-01
   3.41000000e-01    4.09915139e+01    2.24504320e-01
   6.31000000e-01    4.28818253e+01    2.34369670e-01
   5.22000000e-01    4.26773303e+01    2.47150869e-01
   3.68000000e-01    4.14676952e+01    2.07180967e-01
   3.09000000e-01    4.08607746e+01    2.14863256e-01
   5.28000000e-01    4.23696918e+01    3.02654151e-01
   2.16000000e-01    4.04049089e+01    2.15211775e-01
   2.84000000e-01    4.08353826e+01    2.06616021e-01
   5.08000000e-01    4.21942707e+01    2.31767203e-01
   7.81000000e-01    4.34372296e+01    3.21348684e-01
   6.13000000e-01    4.26167096e+01    2.60214470e-01
   2.78000000e-01    4.05662406e+01    1.98452988e-01
   4.77000000e-01    4.20543352e+01    1.83599934e-01
   9.50000000e-01    4.36383176e+01    2.97754711e-01
   1.05700000e+00    4.41506301e+01    2.38584685e-01
   8.16000000e-01    4.36910829e+01    4.57863422e-01
   4.55000000e-01    4.23239323e+01    2.29627540e-01
   1.02000000e+00    4.43629247e+01    2.20963762e-01
   1.14000000e+00    4.43229571e+01    2.28701030e-01
   8.54000000e-01    4.36084643e+01    2.25569906e-01
   1.37000000e+00    4.50497133e+01    2.62748450e-01
   9.75000000e-01    4.43337255e+01    2.12780603e-01
   9.70000000e-01    4.44626017e+01    2.91454456e-01
   7.40000000e-01    4.32875467e+01    1.98402487e-01
   1.39000000e+00    4.48762343e+01    2.50631965e-01
   4.60000000e-01    4.21484496e+01    2.10095498e-01
   1.02000000e+00    4.41640655e+01    2.32339527e-01
   1.12000000e+00    4.45144055e+01    2.24079095e-01
   1.23000000e+00    4.50206757e+01    2.35028401e-01
   1.19000000e+00    4.43628317e+01    2.47108114e-01
   8.39000000e-01    4.33980657e+01    2.22124147e-01
   1.01000000e+00    4.49121378e+01    3.33748617e-01
   5.21000000e-01    4.23782446e+01    1.99332155e-01
   4.75000000e-01    4.21048814e+01    2.55958317e-01
   9.50000000e-01    4.38841503e+01    2.35845124e-01
   1.30000000e+00    4.50162581e+01    2.42719168e-01
   1.30500000e+00    4.47401693e+01    2.59540115e-01
   2.16000000e-01    4.05560466e+01    2.44099861e-01
   7.35000000e-01    4.30918404e+01    2.00575809e-01
   1.14000000e+00    4.41969521e+01    3.68403294e-01
   1.30700000e+00    4.54107441e+01    3.14696710e-01
   1.26500000e+00    4.49441108e+01    2.35469960e-01
   6.70000000e-01    4.31432096e+01    2.09654285e-01
   6.40000000e-01    4.29242754e+01    2.80114332e-01
   1.34000000e+00    4.50675056e+01    2.75015093e-01
   8.40000000e-01    4.35143044e+01    2.08697053e-01
   9.35000000e-01    4.35401972e+01    2.27616538e-01
   9.53000000e-01    4.42736202e+01    9.54717441e-01
   1.12400000e+00    4.45675192e+01    1.97263048e-01
   5.52000000e-01    4.25109343e+01    1.03414503e-01
   6.71000000e-01    4.29820070e+01    1.20545528e-01
   5.11000000e-01    4.23736605e+01    8.90617546e-02
   1.03000000e+00    4.42400934e+01    1.41254203e-01
   1.19200000e+00    4.44587516e+01    2.00258072e-01
   1.09200000e+00    4.40078477e+01    2.46511865e-01
   9.74000000e-01    4.38341433e+01    1.74238940e-01
   1.11000000e+00    4.46253359e+01    4.47832633e-01
   1.35000000e+00    4.48270655e+01    1.85705412e-01
   8.50000000e-01    4.34942573e+01    1.71796431e-01
   1.24100000e+00    4.45817030e+01    4.78371053e-01
   1.41400000e+00    4.48037661e+01    3.46181483e-01
   1.18800000e+00    4.46076425e+01    5.00544949e-01
   1.01700000e+00    4.42939708e+01    1.71046154e-01
   1.31500000e+00    4.49713578e+01    1.87508839e-01
   8.21000000e-01    4.36409388e+01    1.94013592e-01
   1.21500000e+00    4.52465209e+01    5.60317445e-01
   6.23000000e-01    4.25145240e+01    2.41428135e-01
